=== Soft Spaces Phase 2 v25.6 PHYSICS CONFIRMATION ===
Candidates: [192, 0, 157, 160, 165, 67, 251] | 8Q source geometry -> 9Q target | etas=[0.0001, 0.0003, 0.001, 0.003, 0.01]
Independent seed blocks: 2 x 25 = 50 seeds | base_seed=4301000 | stride=1000000
Perturb reps/seed=3 | dH_terms=5 | chi_regularizer=0.001

Purpose: independent confirmation of the v25.5.1 physical signal on new seed blocks.
No new continuation score C is fitted in v25.6.
Predeclared descriptive rule: STRONG if both sign-recurrence rates reach the requested thresholds; PARTIAL if chi reaches its threshold but overlap does not; otherwise WEAK.
Thresholds: overlap positive-rate >= 0.80; chi positive-rate >= 0.80.

Candidate summary across eta x batch cells:
rank | source_k | target centers | status | Ov+ rate | chi+ rate | K+ rate | med ΔOv | min ΔOv | med Δchi | min Δchi | med ΔK | batch Ov+ | batch chi+
   1 |      192 |       (192, 448) | STRONG  |    1.000 |     1.000 |   0.000 |  +0.0028 |  +0.0002 |   +0.3273 |   +0.2669 |  -0.0001 |     1.000 |      1.000
   2 |      165 |       (165, 421) | STRONG  |    1.000 |     1.000 |   0.000 |  +0.0033 |  +0.0001 |   +0.3030 |   +0.2786 |  -0.0000 |     1.000 |      1.000
   3 |      160 |       (160, 416) | STRONG  |    1.000 |     1.000 |   0.000 |  +0.0030 |  +0.0012 |   +0.2928 |   +0.2745 |  -0.0001 |     1.000 |      1.000
   4 |      157 |       (157, 413) | STRONG  |    0.800 |     1.000 |   0.500 |  +0.0020 |  -0.0018 |   +0.2764 |   +0.2723 |  -0.0000 |     1.000 |      1.000
   5 |       67 |        (67, 323) | PARTIAL |    0.700 |     1.000 |   0.500 |  +0.0008 |  -0.0015 |   +0.2982 |   +0.2819 |  -0.0001 |     1.000 |      1.000
   6 |        0 |         (0, 256) | PARTIAL |    0.600 |     1.000 |   0.000 |  +0.0007 |  -0.0050 |   +0.2977 |   +0.2361 |  -0.0001 |     0.500 |      1.000
   7 |      251 |       (251, 507) | PARTIAL |    0.500 |     1.000 |   0.500 |  -0.0000 |  -0.0008 |   +0.3073 |   +0.2411 |  -0.0001 |     0.500 |      1.000

Detailed batch-by-batch eta cells:
source_k | eta | hits R/N | Ov_R | Ov_N | ΔOv(R-N) | chi_R | chi_N | Δchi(N-R) | K_R | K_N | ΔK(N-R)
--- batch 1/2 seed_offset=4301000 ---
     192 |  1.0e-04 |  150/150  |  0.0767 |  0.0748 |    +0.0019 |  2.2780 |  2.6657 |     +0.3877 |  0.0625 |  0.0623 |   -0.0001
     192 |  3.0e-04 |  150/150  |  0.0795 |  0.0748 |    +0.0047 |  2.2780 |  2.6657 |     +0.3877 |  0.0625 |  0.0623 |   -0.0001
     192 |  1.0e-03 |  150/150  |  0.0752 |  0.0750 |    +0.0002 |  2.2780 |  2.6657 |     +0.3877 |  0.0625 |  0.0623 |   -0.0001
     192 |  3.0e-03 |  150/150  |  0.0771 |  0.0747 |    +0.0024 |  2.2780 |  2.6657 |     +0.3877 |  0.0625 |  0.0623 |   -0.0001
     192 |  1.0e-02 |  150/150  |  0.0771 |  0.0744 |    +0.0028 |  2.2780 |  2.6657 |     +0.3877 |  0.0625 |  0.0623 |   -0.0001
       0 |  1.0e-04 |  150/150  |  0.0763 |  0.0740 |    +0.0023 |  2.3081 |  2.6673 |     +0.3592 |  0.0625 |  0.0624 |   -0.0001
       0 |  3.0e-04 |  150/150  |  0.0801 |  0.0740 |    +0.0061 |  2.3081 |  2.6673 |     +0.3592 |  0.0625 |  0.0624 |   -0.0001
       0 |  1.0e-03 |  150/150  |  0.0784 |  0.0741 |    +0.0043 |  2.3081 |  2.6673 |     +0.3592 |  0.0625 |  0.0624 |   -0.0001
       0 |  3.0e-03 |  150/150  |  0.0765 |  0.0739 |    +0.0025 |  2.3081 |  2.6673 |     +0.3592 |  0.0625 |  0.0624 |   -0.0001
       0 |  1.0e-02 |  150/150  |  0.0751 |  0.0740 |    +0.0011 |  2.3081 |  2.6673 |     +0.3592 |  0.0625 |  0.0624 |   -0.0001
     157 |  1.0e-04 |  150/150  |  0.0782 |  0.0742 |    +0.0040 |  2.3971 |  2.6694 |     +0.2723 |  0.0624 |  0.0624 |   +0.0000
     157 |  3.0e-04 |  150/150  |  0.0774 |  0.0743 |    +0.0031 |  2.3971 |  2.6694 |     +0.2723 |  0.0624 |  0.0624 |   +0.0000
     157 |  1.0e-03 |  150/150  |  0.0794 |  0.0745 |    +0.0049 |  2.3971 |  2.6694 |     +0.2723 |  0.0624 |  0.0624 |   +0.0000
     157 |  3.0e-03 |  150/150  |  0.0774 |  0.0749 |    +0.0025 |  2.3971 |  2.6694 |     +0.2723 |  0.0624 |  0.0624 |   +0.0000
     157 |  1.0e-02 |  150/150  |  0.0781 |  0.0746 |    +0.0035 |  2.3971 |  2.6694 |     +0.2723 |  0.0624 |  0.0624 |   +0.0000
     160 |  1.0e-04 |  150/150  |  0.0773 |  0.0743 |    +0.0029 |  2.3568 |  2.6678 |     +0.3111 |  0.0625 |  0.0623 |   -0.0001
     160 |  3.0e-04 |  150/150  |  0.0771 |  0.0740 |    +0.0032 |  2.3568 |  2.6678 |     +0.3111 |  0.0625 |  0.0623 |   -0.0001
     160 |  1.0e-03 |  150/150  |  0.0814 |  0.0745 |    +0.0069 |  2.3568 |  2.6678 |     +0.3111 |  0.0625 |  0.0623 |   -0.0001
     160 |  3.0e-03 |  150/150  |  0.0782 |  0.0748 |    +0.0034 |  2.3568 |  2.6678 |     +0.3111 |  0.0625 |  0.0623 |   -0.0001
     160 |  1.0e-02 |  150/150  |  0.0786 |  0.0750 |    +0.0036 |  2.3568 |  2.6678 |     +0.3111 |  0.0625 |  0.0623 |   -0.0001
     165 |  1.0e-04 |  150/150  |  0.0793 |  0.0746 |    +0.0047 |  2.3460 |  2.6735 |     +0.3275 |  0.0624 |  0.0624 |   -0.0000
     165 |  3.0e-04 |  150/150  |  0.0773 |  0.0746 |    +0.0027 |  2.3460 |  2.6735 |     +0.3275 |  0.0624 |  0.0624 |   -0.0000
     165 |  1.0e-03 |  150/150  |  0.0747 |  0.0747 |    +0.0001 |  2.3460 |  2.6735 |     +0.3275 |  0.0624 |  0.0624 |   -0.0000
     165 |  3.0e-03 |  150/150  |  0.0768 |  0.0747 |    +0.0021 |  2.3460 |  2.6735 |     +0.3275 |  0.0624 |  0.0624 |   -0.0000
     165 |  1.0e-02 |  150/150  |  0.0792 |  0.0746 |    +0.0046 |  2.3460 |  2.6735 |     +0.3275 |  0.0624 |  0.0624 |   -0.0000
      67 |  1.0e-04 |  150/150  |  0.0771 |  0.0761 |    +0.0010 |  2.3550 |  2.6695 |     +0.3144 |  0.0625 |  0.0625 |   +0.0001
      67 |  3.0e-04 |  150/150  |  0.0748 |  0.0761 |    -0.0013 |  2.3550 |  2.6695 |     +0.3144 |  0.0625 |  0.0625 |   +0.0001
      67 |  1.0e-03 |  150/150  |  0.0770 |  0.0760 |    +0.0010 |  2.3550 |  2.6695 |     +0.3144 |  0.0625 |  0.0625 |   +0.0001
      67 |  3.0e-03 |  150/150  |  0.0759 |  0.0757 |    +0.0003 |  2.3550 |  2.6695 |     +0.3144 |  0.0625 |  0.0625 |   +0.0001
      67 |  1.0e-02 |  150/150  |  0.0778 |  0.0743 |    +0.0036 |  2.3550 |  2.6695 |     +0.3144 |  0.0625 |  0.0625 |   +0.0001
     251 |  1.0e-04 |  150/150  |  0.0775 |  0.0767 |    +0.0009 |  2.3002 |  2.6737 |     +0.3736 |  0.0624 |  0.0625 |   +0.0000
     251 |  3.0e-04 |  150/150  |  0.0759 |  0.0762 |    -0.0003 |  2.3002 |  2.6737 |     +0.3736 |  0.0624 |  0.0625 |   +0.0000
     251 |  1.0e-03 |  150/150  |  0.0767 |  0.0760 |    +0.0006 |  2.3002 |  2.6737 |     +0.3736 |  0.0624 |  0.0625 |   +0.0000
     251 |  3.0e-03 |  150/150  |  0.0766 |  0.0769 |    -0.0003 |  2.3002 |  2.6737 |     +0.3736 |  0.0624 |  0.0625 |   +0.0000
     251 |  1.0e-02 |  150/150  |  0.0780 |  0.0749 |    +0.0032 |  2.3002 |  2.6737 |     +0.3736 |  0.0624 |  0.0625 |   +0.0000
--- batch 2/2 seed_offset=5301000 ---
     192 |  1.0e-04 |  150/150  |  0.0732 |  0.0704 |    +0.0028 |  2.4195 |  2.6864 |     +0.2669 |  0.0625 |  0.0624 |   -0.0001
     192 |  3.0e-04 |  150/150  |  0.0757 |  0.0704 |    +0.0053 |  2.4195 |  2.6864 |     +0.2669 |  0.0625 |  0.0624 |   -0.0001
     192 |  1.0e-03 |  150/150  |  0.0746 |  0.0699 |    +0.0047 |  2.4195 |  2.6864 |     +0.2669 |  0.0625 |  0.0624 |   -0.0001
     192 |  3.0e-03 |  150/150  |  0.0739 |  0.0699 |    +0.0040 |  2.4195 |  2.6864 |     +0.2669 |  0.0625 |  0.0624 |   -0.0001
     192 |  1.0e-02 |  150/150  |  0.0715 |  0.0704 |    +0.0010 |  2.4195 |  2.6864 |     +0.2669 |  0.0625 |  0.0624 |   -0.0001
       0 |  1.0e-04 |  150/150  |  0.0719 |  0.0734 |    -0.0015 |  2.4414 |  2.6775 |     +0.2361 |  0.0625 |  0.0625 |   -0.0000
       0 |  3.0e-04 |  150/150  |  0.0733 |  0.0734 |    -0.0001 |  2.4414 |  2.6775 |     +0.2361 |  0.0625 |  0.0625 |   -0.0000
       0 |  1.0e-03 |  150/150  |  0.0686 |  0.0736 |    -0.0050 |  2.4414 |  2.6775 |     +0.2361 |  0.0625 |  0.0625 |   -0.0000
       0 |  3.0e-03 |  150/150  |  0.0719 |  0.0731 |    -0.0012 |  2.4414 |  2.6775 |     +0.2361 |  0.0625 |  0.0625 |   -0.0000
       0 |  1.0e-02 |  150/150  |  0.0723 |  0.0720 |    +0.0003 |  2.4414 |  2.6775 |     +0.2361 |  0.0625 |  0.0625 |   -0.0000
     157 |  1.0e-04 |  150/150  |  0.0737 |  0.0724 |    +0.0013 |  2.3978 |  2.6783 |     +0.2804 |  0.0625 |  0.0624 |   -0.0001
     157 |  3.0e-04 |  150/150  |  0.0706 |  0.0725 |    -0.0018 |  2.3978 |  2.6783 |     +0.2804 |  0.0625 |  0.0624 |   -0.0001
     157 |  1.0e-03 |  150/150  |  0.0736 |  0.0726 |    +0.0010 |  2.3978 |  2.6783 |     +0.2804 |  0.0625 |  0.0624 |   -0.0001
     157 |  3.0e-03 |  150/150  |  0.0715 |  0.0728 |    -0.0014 |  2.3978 |  2.6783 |     +0.2804 |  0.0625 |  0.0624 |   -0.0001
     157 |  1.0e-02 |  150/150  |  0.0730 |  0.0715 |    +0.0016 |  2.3978 |  2.6783 |     +0.2804 |  0.0625 |  0.0624 |   -0.0001
     160 |  1.0e-04 |  150/150  |  0.0737 |  0.0723 |    +0.0014 |  2.4118 |  2.6863 |     +0.2745 |  0.0625 |  0.0624 |   -0.0001
     160 |  3.0e-04 |  150/150  |  0.0735 |  0.0723 |    +0.0012 |  2.4118 |  2.6863 |     +0.2745 |  0.0625 |  0.0624 |   -0.0001
     160 |  1.0e-03 |  150/150  |  0.0741 |  0.0724 |    +0.0018 |  2.4118 |  2.6863 |     +0.2745 |  0.0625 |  0.0624 |   -0.0001
     160 |  3.0e-03 |  150/150  |  0.0739 |  0.0726 |    +0.0013 |  2.4118 |  2.6863 |     +0.2745 |  0.0625 |  0.0624 |   -0.0001
     160 |  1.0e-02 |  150/150  |  0.0742 |  0.0709 |    +0.0033 |  2.4118 |  2.6863 |     +0.2745 |  0.0625 |  0.0624 |   -0.0001
     165 |  1.0e-04 |  150/150  |  0.0734 |  0.0694 |    +0.0040 |  2.4057 |  2.6842 |     +0.2786 |  0.0625 |  0.0624 |   -0.0001
     165 |  3.0e-04 |  150/150  |  0.0712 |  0.0694 |    +0.0018 |  2.4057 |  2.6842 |     +0.2786 |  0.0625 |  0.0624 |   -0.0001
     165 |  1.0e-03 |  150/150  |  0.0741 |  0.0694 |    +0.0048 |  2.4057 |  2.6842 |     +0.2786 |  0.0625 |  0.0624 |   -0.0001
     165 |  3.0e-03 |  150/150  |  0.0734 |  0.0694 |    +0.0040 |  2.4057 |  2.6842 |     +0.2786 |  0.0625 |  0.0624 |   -0.0001
     165 |  1.0e-02 |  150/150  |  0.0718 |  0.0701 |    +0.0016 |  2.4057 |  2.6842 |     +0.2786 |  0.0625 |  0.0624 |   -0.0001
      67 |  1.0e-04 |  150/150  |  0.0749 |  0.0740 |    +0.0010 |  2.3946 |  2.6765 |     +0.2819 |  0.0625 |  0.0623 |   -0.0002
      67 |  3.0e-04 |  150/150  |  0.0753 |  0.0739 |    +0.0015 |  2.3946 |  2.6765 |     +0.2819 |  0.0625 |  0.0623 |   -0.0002
      67 |  1.0e-03 |  150/150  |  0.0747 |  0.0740 |    +0.0007 |  2.3946 |  2.6765 |     +0.2819 |  0.0625 |  0.0623 |   -0.0002
      67 |  3.0e-03 |  150/150  |  0.0736 |  0.0742 |    -0.0006 |  2.3946 |  2.6765 |     +0.2819 |  0.0625 |  0.0623 |   -0.0002
      67 |  1.0e-02 |  150/150  |  0.0722 |  0.0737 |    -0.0015 |  2.3946 |  2.6765 |     +0.2819 |  0.0625 |  0.0623 |   -0.0002
     251 |  1.0e-04 |  150/150  |  0.0732 |  0.0730 |    +0.0002 |  2.4431 |  2.6842 |     +0.2411 |  0.0625 |  0.0623 |   -0.0002
     251 |  3.0e-04 |  150/150  |  0.0724 |  0.0731 |    -0.0007 |  2.4431 |  2.6842 |     +0.2411 |  0.0625 |  0.0623 |   -0.0002
     251 |  1.0e-03 |  150/150  |  0.0731 |  0.0733 |    -0.0002 |  2.4431 |  2.6842 |     +0.2411 |  0.0625 |  0.0623 |   -0.0002
     251 |  3.0e-03 |  150/150  |  0.0717 |  0.0725 |    -0.0008 |  2.4431 |  2.6842 |     +0.2411 |  0.0625 |  0.0623 |   -0.0002
     251 |  1.0e-02 |  150/150  |  0.0739 |  0.0722 |    +0.0017 |  2.4431 |  2.6842 |     +0.2411 |  0.0625 |  0.0623 |   -0.0002

Scientific reading:
  1) The confirmation question is sign recurrence on unseen seeds, not the absolute size of one lucky cell.
  2) Positive Δchi means REAL has lower spectral susceptibility than NULL.
  3) Positive ΔOv means the REAL 2D subspace retains more projector overlap under perturbation than NULL.
  4) K_delta remains a control diagnostic; do not promote it unless it begins to reproduce independently.
  5) Only after confirmation should chi/overlap be considered as terms in a physically extended continuation criterion.

=== End of v25.6 physics confirmation ===
