=== Soft Spaces Phase 2 v25.9 EFFECTIVE 2D-SUBSPACE PERTURBATION ANALYSIS ===
Targets: [155, 165] | local radius=+/-8 | step=2
Geometry: 8Q source -> 9Q target | branches=2
Seed blocks: 2 x 25 = 50 | base_seed=9301000 | stride=1000000
Perturb reps/seed=3 | dH_terms=5 | resolvent regularizer=0.001

No continuation score is fitted and no physics weights are tuned.
P is the exact adjacent 2D eigensubspace; Q=I-P. E_ref is the pair midpoint.
Sigma_P = P V Q (E-QH0Q)^(-1) Q V P (regularized real resolvent).
X_P     = P V Q [(E-QH0Q)^2 + reg^2]^(-1) Q V P.
Both matrices are normalized by ||V||_F^2 and retained as 2x2 objects before descriptors are formed.
Candidate x batch is the recurrence unit; seeds, descendant branches, and perturbation reps are collapsed by median.

Target summary against immediate REAL background:
target | controls | units | Xtrace protect+ | med Xtrace T | med Xtrace bg | med Xtrace protect | X-lmax protect+ | med X-lmax protect | SigmaF protect+ | med SigmaF protect | med |dXsplit| | med |dSsplit| | med NULL-REAL Xtrace | med NULL-REAL SigmaF
   155 | [147, 149, 151, 153, 157, 159, 161, 163] |     2 |          1.000 |  +230.625698 |   +238.272318 |        +7.646620 |           1.000 |         +3.438571 |          0.500 |        -0.000004 |      0.361857 |      0.000006 |          +258.937872 |            -0.000083
   165 | [157, 159, 161, 163, 167, 169, 171, 173] |     2 |          0.500 |  +238.110771 |   +235.303741 |        -2.807029 |           0.500 |         +0.085414 |          0.500 |        -0.000006 |      0.520166 |      0.000003 |          +250.585255 |            -0.000107

Scientific reading:
  1) Positive Xtrace/X-lmax protection means the target has lower second-order leakage susceptibility than its local REAL background.
  2) Positive SigmaF protection means the magnitude of second-order virtual feedback is lower at the target than locally nearby.
  3) Eigenvalue-splitting deviations are structure diagnostics only: no favorable sign is predeclared.
  4) Positive NULL-REAL Xtrace means REAL is less susceptible than its spectrum-matched Haar NULL at the same target.
  5) Off-diagonal matrix elements are retained in the detailed batch units but are basis-dependent inside P; basis-invariant eigenvalues/trace/determinant/norm carry more evidential weight.

Detailed candidate x batch units:
k | batch | model | n | Sigma tr | Sigma det | Sigma eig(lo,hi) | Sigma split | Sigma fro | |Sigma01| | X tr | X det | X eig(lo,hi) | X split | X fro | |X01| | X anis
147 |     1 | NULL |  150 | -7.754834e-04 | +7.050446e-07 | (-5.421826e-04,-2.586988e-04) | 2.935861e-04 | 1.216424e-03 | 1.165047e-04 | 4.812676e+02 | 5.691768e+04 | (2.134832e+02,2.745057e+02) | 6.626903e+01 | 3.444696e+02 | 2.502280e+01 | 1.258306e-01
147 |     1 | REAL |  150 | +3.475711e-04 | +8.244008e-07 | (+1.502787e-04,+1.972924e-04) | 6.155992e-05 | 1.286240e-03 | 2.397562e-05 | 2.605115e+02 | 1.695896e+04 | (1.273506e+02,1.341842e+02) | 6.369505e+00 | 1.842734e+02 | 2.385792e+00 | 2.911165e-02
147 |     2 | NULL |  150 | +7.500649e-05 | +7.907360e-07 | (-1.659220e-04,+1.049133e-04) | 2.521658e-04 | 1.388255e-03 | 1.054050e-04 | 4.840103e+02 | 5.714135e+04 | (2.093935e+02,2.752435e+02) | 6.466086e+01 | 3.463925e+02 | 2.456075e+01 | 1.258893e-01
147 |     2 | REAL |  150 | +5.990469e-04 | +1.005216e-06 | (+2.663401e-04,+3.422933e-04) | 7.089882e-05 | 1.420409e-03 | 2.777296e-05 | 2.166943e+02 | 1.173806e+04 | (1.030074e+02,1.095676e+02) | 4.150998e+00 | 1.532450e+02 | 1.646273e+00 | 2.672078e-02
149 |     1 | NULL |  150 | -7.589365e-04 | +7.391237e-07 | (-5.063578e-04,-2.814281e-04) | 2.817883e-04 | 1.266041e-03 | 1.055710e-04 | 4.840591e+02 | 5.679875e+04 | (2.080780e+02,2.800354e+02) | 6.480194e+01 | 3.489152e+02 | 2.498836e+01 | 1.226094e-01
149 |     1 | REAL |  150 | +3.315040e-04 | +8.539475e-07 | (+1.402638e-04,+2.474602e-04) | 6.685478e-05 | 1.308098e-03 | 2.581912e-05 | 2.635619e+02 | 1.736450e+04 | (1.293622e+02,1.349369e+02) | 5.822531e+00 | 1.863907e+02 | 2.440134e+00 | 2.598465e-02
149 |     2 | NULL |  150 | -5.742432e-06 | +6.906179e-07 | (-1.997377e-04,+1.016798e-04) | 2.724651e-04 | 1.345835e-03 | 9.102653e-05 | 4.815965e+02 | 5.668963e+04 | (2.091599e+02,2.772050e+02) | 6.935658e+01 | 3.434116e+02 | 2.792863e+01 | 1.307364e-01
149 |     2 | REAL |  150 | +6.343184e-04 | +1.042179e-06 | (+2.775139e-04,+3.485768e-04) | 8.342893e-05 | 1.451307e-03 | 3.041070e-05 | 2.149991e+02 | 1.153565e+04 | (1.028268e+02,1.104108e+02) | 2.915425e+00 | 1.521689e+02 | 1.153230e+00 | 2.724041e-02
151 |     1 | NULL |  150 | -8.483318e-04 | +7.121909e-07 | (-5.328112e-04,-3.250759e-04) | 2.864437e-04 | 1.242073e-03 | 9.544127e-05 | 4.812992e+02 | 5.703919e+04 | (2.124067e+02,2.767640e+02) | 6.380443e+01 | 3.447587e+02 | 2.459254e+01 | 1.230071e-01
151 |     1 | REAL |  150 | +2.681666e-04 | +8.593120e-07 | (+1.025711e-04,+1.969326e-04) | 6.501137e-05 | 1.326812e-03 | 2.512524e-05 | 2.630472e+02 | 1.726262e+04 | (1.275889e+02,1.342714e+02) | 9.767386e+00 | 1.861949e+02 | 2.597449e+00 | 2.816579e-02
151 |     2 | NULL |  150 | +9.333226e-05 | +8.685727e-07 | (-5.483528e-05,+1.303480e-04) | 2.697572e-04 | 1.368738e-03 | 9.861151e-05 | 4.790019e+02 | 5.597001e+04 | (2.060125e+02,2.718054e+02) | 6.807820e+01 | 3.425608e+02 | 2.594061e+01 | 1.209061e-01
151 |     2 | REAL |  150 | +5.862956e-04 | +1.080362e-06 | (+2.658168e-04,+3.798011e-04) | 7.643576e-05 | 1.475057e-03 | 2.824120e-05 | 2.082725e+02 | 1.080723e+04 | (1.013418e+02,1.086115e+02) | 3.944244e+00 | 1.475268e+02 | 1.404421e+00 | 2.009031e-02
153 |     1 | NULL |  150 | -7.859120e-04 | +6.606442e-07 | (-5.055371e-04,-2.882262e-04) | 2.627937e-04 | 1.166299e-03 | 1.093216e-04 | 4.771635e+02 | 5.549161e+04 | (2.092925e+02,2.708214e+02) | 6.411606e+01 | 3.403981e+02 | 2.618563e+01 | 1.263979e-01
153 |     1 | REAL |  150 | +3.135966e-04 | +8.600866e-07 | (+1.294808e-04,+1.841158e-04) | 7.213608e-05 | 1.324099e-03 | 2.438322e-05 | 2.622521e+02 | 1.716192e+04 | (1.255211e+02,1.370203e+02) | 6.129055e+00 | 1.856135e+02 | 2.314808e+00 | 2.468777e-02
153 |     2 | NULL |  150 | +5.767834e-05 | +7.083016e-07 | (-1.525489e-04,+1.077285e-04) | 2.595258e-04 | 1.317519e-03 | 9.501007e-05 | 4.860285e+02 | 5.821782e+04 | (2.115172e+02,2.781211e+02) | 6.841259e+01 | 3.466170e+02 | 2.772825e+01 | 1.300243e-01
153 |     2 | REAL |  150 | +5.946055e-04 | +1.057339e-06 | (+2.739740e-04,+3.716844e-04) | 7.508462e-05 | 1.474310e-03 | 2.924025e-05 | 2.095578e+02 | 1.097646e+04 | (1.037047e+02,1.067377e+02) | 5.357235e+00 | 1.482313e+02 | 1.760484e+00 | 3.071752e-02
155 |     1 | NULL |  150 | -7.966893e-04 | +7.554576e-07 | (-5.026240e-04,-2.888691e-04) | 2.697861e-04 | 1.249867e-03 | 9.554815e-05 | 4.884858e+02 | 5.836829e+04 | (2.102590e+02,2.766019e+02) | 6.657228e+01 | 3.494941e+02 | 2.638683e+01 | 1.319477e-01
155 |     1 | REAL |  150 | +2.923664e-04 | +8.403398e-07 | (+9.893092e-05,+2.218814e-04) | 7.612344e-05 | 1.318534e-03 | 2.756428e-05 | 2.535581e+02 | 1.607589e+04 | (1.256152e+02,1.279430e+02) | 5.557095e+00 | 1.793068e+02 | 2.070912e+00 | 2.741598e-02
155 |     2 | NULL |  150 | +2.546162e-05 | +6.925118e-07 | (-1.675124e-04,+8.150861e-05) | 2.879318e-04 | 1.362529e-03 | 9.855693e-05 | 4.906414e+02 | 5.955562e+04 | (2.164377e+02,2.806237e+02) | 6.849087e+01 | 3.507777e+02 | 2.600546e+01 | 1.252454e-01
155 |     2 | REAL |  150 | +6.239639e-04 | +1.047942e-06 | (+2.825950e-04,+3.787387e-04) | 7.061382e-05 | 1.460791e-03 | 2.858835e-05 | 2.076932e+02 | 1.078207e+04 | (1.006377e+02,1.088736e+02) | 4.079149e+00 | 1.469379e+02 | 1.725784e+00 | 2.461635e-02
157 |     1 | NULL |  150 | -8.679034e-04 | +7.850789e-07 | (-5.185662e-04,-2.831831e-04) | 2.756269e-04 | 1.281266e-03 | 9.927805e-05 | 4.857431e+02 | 5.843667e+04 | (2.161348e+02,2.725845e+02) | 6.581058e+01 | 3.452718e+02 | 2.201852e+01 | 1.231952e-01
157 |     1 | REAL |  150 | +2.958171e-04 | +8.269678e-07 | (+1.124522e-04,+2.113828e-04) | 6.262668e-05 | 1.290537e-03 | 2.387715e-05 | 2.528323e+02 | 1.598307e+04 | (1.249533e+02,1.291140e+02) | 5.962755e+00 | 1.788028e+02 | 1.929867e+00 | 2.714473e-02
157 |     2 | NULL |  150 | +1.164528e-04 | +7.314156e-07 | (-1.330303e-04,+1.210073e-04) | 2.545075e-04 | 1.339983e-03 | 1.016054e-04 | 4.878237e+02 | 5.817161e+04 | (2.118719e+02,2.779156e+02) | 6.528387e+01 | 3.481006e+02 | 2.551700e+01 | 1.277926e-01
157 |     2 | REAL |  150 | +6.180832e-04 | +1.005175e-06 | (+2.846660e-04,+3.964012e-04) | 7.133920e-05 | 1.429833e-03 | 2.875618e-05 | 2.167769e+02 | 1.174848e+04 | (1.052228e+02,1.097825e+02) | 4.645100e+00 | 1.533096e+02 | 1.560777e+00 | 2.871404e-02
159 |     1 | NULL |  138 | -7.382896e-04 | +7.022573e-07 | (-4.903111e-04,-2.127382e-04) | 2.753132e-04 | 1.235055e-03 | 1.126422e-04 | 5.003329e+02 | 6.141250e+04 | (2.188300e+02,2.837775e+02) | 7.167921e+01 | 3.570990e+02 | 2.675092e+01 | 1.209273e-01
159 |     1 | REAL |  138 | +4.503512e-04 | +8.814649e-07 | (+1.441668e-04,+2.547710e-04) | 6.142993e-05 | 1.329872e-03 | 2.358977e-05 | 3.153836e+02 | 2.483626e+04 | (1.522195e+02,1.631641e+02) | 8.870858e+00 | 2.231466e+02 | 2.934978e+00 | 2.889137e-02
159 |     2 | NULL |  150 | +2.606039e-05 | +6.885137e-07 | (-1.896890e-04,+1.168458e-04) | 2.536496e-04 | 1.362384e-03 | 9.826773e-05 | 4.896579e+02 | 5.858287e+04 | (2.122975e+02,2.795867e+02) | 6.849251e+01 | 3.492593e+02 | 2.689723e+01 | 1.306626e-01
159 |     2 | REAL |  150 | +6.144861e-04 | +9.909575e-07 | (+2.909604e-04,+3.853386e-04) | 6.707303e-05 | 1.424749e-03 | 2.683429e-05 | 2.136219e+02 | 1.137033e+04 | (1.011192e+02,1.082812e+02) | 3.929471e+00 | 1.513076e+02 | 1.282010e+00 | 2.533937e-02
161 |     1 | NULL |  150 | -9.123306e-04 | +8.175947e-07 | (-5.450452e-04,-3.282573e-04) | 2.936343e-04 | 1.336200e-03 | 1.104063e-04 | 4.877112e+02 | 5.831745e+04 | (2.158960e+02,2.739670e+02) | 6.794515e+01 | 3.490261e+02 | 2.451906e+01 | 1.256011e-01
161 |     1 | REAL |  150 | -7.188442e-06 | +1.032285e-06 | (-3.187473e-05,+2.729429e-05) | 7.160335e-05 | 1.440335e-03 | 2.359481e-05 | 2.631169e+02 | 1.727269e+04 | (1.240929e+02,1.355510e+02) | 6.010204e+00 | 1.862401e+02 | 2.153533e+00 | 3.061964e-02
161 |     2 | NULL |  150 | +9.444661e-05 | +7.150398e-07 | (-1.534121e-04,+1.239120e-04) | 2.928376e-04 | 1.285222e-03 | 1.021778e-04 | 4.876006e+02 | 5.798871e+04 | (2.117494e+02,2.792107e+02) | 6.696985e+01 | 3.475854e+02 | 2.674634e+01 | 1.215037e-01
161 |     2 | REAL |  150 | +5.960031e-04 | +1.034578e-06 | (+2.925345e-04,+3.898968e-04) | 6.897408e-05 | 1.442265e-03 | 3.011912e-05 | 2.141681e+02 | 1.146677e+04 | (1.051477e+02,1.096198e+02) | 5.078995e+00 | 1.514659e+02 | 1.451343e+00 | 2.967332e-02
163 |     1 | NULL |  150 | -7.632814e-04 | +8.087953e-07 | (-5.021641e-04,-2.681188e-04) | 2.918302e-04 | 1.329993e-03 | 1.229465e-04 | 4.875590e+02 | 5.807055e+04 | (2.125583e+02,2.803737e+02) | 6.064920e+01 | 3.489295e+02 | 2.198297e+01 | 1.215074e-01
163 |     1 | REAL |  150 | -2.328938e-05 | +1.035131e-06 | (-3.112747e-05,+1.091640e-05) | 7.671240e-05 | 1.439963e-03 | 2.648336e-05 | 2.578872e+02 | 1.660369e+04 | (1.214046e+02,1.336389e+02) | 7.322953e+00 | 1.824786e+02 | 2.501703e+00 | 2.440955e-02
163 |     2 | NULL |  150 | +4.192346e-05 | +8.880834e-07 | (-7.671682e-05,+6.669090e-05) | 2.625637e-04 | 1.374606e-03 | 9.950538e-05 | 5.009562e+02 | 6.137582e+04 | (2.170497e+02,2.838196e+02) | 6.602909e+01 | 3.581199e+02 | 2.521235e+01 | 1.184798e-01
163 |     2 | REAL |  150 | +6.274217e-04 | +1.005017e-06 | (+2.833345e-04,+3.911887e-04) | 7.980852e-05 | 1.455870e-03 | 3.123963e-05 | 2.129357e+02 | 1.132973e+04 | (1.008153e+02,1.083778e+02) | 3.150888e+00 | 1.506078e+02 | 1.414777e+00 | 3.199292e-02
165 |     1 | NULL |  150 | -8.267980e-04 | +8.121224e-07 | (-5.079222e-04,-3.279118e-04) | 3.063897e-04 | 1.333475e-03 | 1.115674e-04 | 4.959358e+02 | 6.002033e+04 | (2.152026e+02,2.740095e+02) | 6.470679e+01 | 3.528623e+02 | 2.395043e+01 | 1.182794e-01
165 |     1 | REAL |  150 | -3.714638e-05 | +1.014987e-06 | (-5.180199e-05,+1.465561e-05) | 6.765659e-05 | 1.426005e-03 | 2.312520e-05 | 2.644609e+02 | 1.748136e+04 | (1.299333e+02,1.338551e+02) | 6.680440e+00 | 1.870304e+02 | 1.887399e+00 | 2.375233e-02
165 |     2 | NULL |  150 | -4.927686e-05 | +7.427194e-07 | (-2.077277e-04,+1.066924e-04) | 2.886156e-04 | 1.325183e-03 | 1.219555e-04 | 4.814563e+02 | 5.630038e+04 | (2.101329e+02,2.732854e+02) | 6.534312e+01 | 3.433696e+02 | 2.539051e+01 | 1.184218e-01
165 |     2 | REAL |  150 | +6.067385e-04 | +1.039251e-06 | (+2.968431e-04,+3.508901e-04) | 6.953020e-05 | 1.447335e-03 | 2.282937e-05 | 2.117606e+02 | 1.113278e+04 | (1.014757e+02,1.086893e+02) | 5.248490e+00 | 1.502755e+02 | 1.059975e+00 | 2.859158e-02
167 |     1 | NULL |  150 | -9.010025e-04 | +8.263577e-07 | (-5.628901e-04,-3.399996e-04) | 2.961051e-04 | 1.325934e-03 | 1.088895e-04 | 4.957343e+02 | 6.031550e+04 | (2.114284e+02,2.808019e+02) | 6.438822e+01 | 3.536854e+02 | 2.589566e+01 | 1.284335e-01
167 |     1 | REAL |  150 | -3.315009e-05 | +1.003989e-06 | (-5.762629e-05,+2.678584e-05) | 6.128674e-05 | 1.417173e-03 | 2.335558e-05 | 2.531012e+02 | 1.600667e+04 | (1.244027e+02,1.335121e+02) | 6.613998e+00 | 1.793924e+02 | 1.826075e+00 | 3.261344e-02
167 |     2 | NULL |  150 | +6.965475e-06 | +7.066909e-07 | (-1.297821e-04,+1.174354e-04) | 2.752350e-04 | 1.317368e-03 | 1.004536e-04 | 4.863224e+02 | 5.737508e+04 | (2.092565e+02,2.814496e+02) | 7.003127e+01 | 3.482481e+02 | 2.613212e+01 | 1.247133e-01
167 |     2 | REAL |  150 | +6.542355e-04 | +1.038113e-06 | (+2.807114e-04,+4.027416e-04) | 7.960581e-05 | 1.443100e-03 | 3.253976e-05 | 2.107833e+02 | 1.110881e+04 | (9.930204e+01,1.072769e+02) | 4.641306e+00 | 1.490725e+02 | 1.398703e+00 | 3.455243e-02
169 |     1 | NULL |  150 | -8.499390e-04 | +8.728807e-07 | (-5.280590e-04,-3.100742e-04) | 2.957762e-04 | 1.333852e-03 | 1.121452e-04 | 4.937549e+02 | 5.956640e+04 | (2.082131e+02,2.794631e+02) | 7.146304e+01 | 3.526298e+02 | 2.494430e+01 | 1.388921e-01
169 |     1 | REAL |  150 | -5.690038e-05 | +1.011888e-06 | (-5.790329e-05,+5.663211e-06) | 7.587812e-05 | 1.423760e-03 | 3.118270e-05 | 2.561662e+02 | 1.643008e+04 | (1.266991e+02,1.319812e+02) | 5.442049e+00 | 1.811567e+02 | 1.632643e+00 | 3.015793e-02
169 |     2 | NULL |  150 | +7.286946e-05 | +8.343417e-07 | (-7.247202e-05,+1.196525e-04) | 2.489344e-04 | 1.360498e-03 | 1.010810e-04 | 4.856764e+02 | 5.718187e+04 | (2.118026e+02,2.819952e+02) | 6.523076e+01 | 3.486187e+02 | 2.510443e+01 | 1.234543e-01
169 |     2 | REAL |  150 | +6.101581e-04 | +1.027784e-06 | (+2.827274e-04,+3.762419e-04) | 8.471698e-05 | 1.437363e-03 | 2.851423e-05 | 2.129167e+02 | 1.129513e+04 | (1.004829e+02,1.104957e+02) | 2.887721e+00 | 1.508108e+02 | 1.180404e+00 | 2.680633e-02
171 |     1 | NULL |  150 | -8.633422e-04 | +7.672387e-07 | (-5.267935e-04,-3.530850e-04) | 3.132549e-04 | 1.292222e-03 | 1.143749e-04 | 4.946573e+02 | 5.967940e+04 | (2.152555e+02,2.836031e+02) | 6.279281e+01 | 3.540703e+02 | 2.415820e+01 | 1.196396e-01
171 |     1 | REAL |  150 | -5.277522e-05 | +1.024326e-06 | (-5.425744e-05,+8.794755e-06) | 7.122653e-05 | 1.431349e-03 | 2.747951e-05 | 2.654807e+02 | 1.761519e+04 | (1.263230e+02,1.350272e+02) | 6.982414e+00 | 1.877565e+02 | 2.551531e+00 | 2.471317e-02
171 |     2 | NULL |  150 | +4.378623e-05 | +7.007361e-07 | (-1.864329e-04,+1.148956e-04) | 2.711514e-04 | 1.346980e-03 | 1.031195e-04 | 4.824151e+02 | 5.662268e+04 | (2.097337e+02,2.752418e+02) | 6.690603e+01 | 3.445406e+02 | 2.427944e+01 | 1.178669e-01
171 |     2 | REAL |  150 | +6.047094e-04 | +1.007973e-06 | (+2.635580e-04,+3.756737e-04) | 9.244164e-05 | 1.422573e-03 | 3.174963e-05 | 2.166003e+02 | 1.172700e+04 | (1.015892e+02,1.103235e+02) | 4.427376e+00 | 1.532192e+02 | 1.731550e+00 | 2.744480e-02
173 |     1 | NULL |  150 | -8.181113e-04 | +8.782367e-07 | (-5.079555e-04,-3.006977e-04) | 3.087253e-04 | 1.336471e-03 | 1.056051e-04 | 4.844083e+02 | 5.786627e+04 | (2.098318e+02,2.745186e+02) | 6.345424e+01 | 3.472516e+02 | 2.225345e+01 | 1.253401e-01
173 |     1 | REAL |  150 | -6.083886e-06 | +1.025388e-06 | (-2.218332e-05,+1.609944e-05) | 6.172162e-05 | 1.432270e-03 | 2.404435e-05 | 2.567701e+02 | 1.640144e+04 | (1.252198e+02,1.337940e+02) | 8.807391e+00 | 1.820911e+02 | 3.019493e+00 | 2.575853e-02
173 |     2 | NULL |  150 | -2.468203e-05 | +6.956673e-07 | (-1.620439e-04,+1.048763e-04) | 2.569015e-04 | 1.340031e-03 | 1.028943e-04 | 4.794315e+02 | 5.661862e+04 | (2.105259e+02,2.727280e+02) | 6.254539e+01 | 3.436673e+02 | 2.548638e+01 | 1.175966e-01
173 |     2 | REAL |  150 | +5.941468e-04 | +9.645390e-07 | (+2.607367e-04,+3.395721e-04) | 6.832752e-05 | 1.391063e-03 | 2.469636e-05 | 2.087519e+02 | 1.088763e+04 | (1.030752e+02,1.066920e+02) | 4.224472e+00 | 1.476566e+02 | 1.406586e+00 | 2.526267e-02

=== End of v25.9 effective 2D-subspace perturbation analysis ===
